0 0.9999 0.9999
1 0.9998000100000001 0.9998000149993334
2 0.9996000599960002 0.9996000899843356
3 0.9992002799440072 0.9992004198180696
4 0.9984011994401824 0.9984017982881291
5 0.9968049550435948 0.9968074252292148
6 0.9936201183994631 0.9936301175869398
7 0.987280939688163 0.9873209263122563
8 0.9747236538715421 0.9748816375072118
9 0.9500862014166899 0.9506991903293782
10 0.902663790122395 0.904965565709866
11 0.8148019179981271 0.822922854830059
12 0.6639021655734266 0.6893749479996394
13 0.4407660854530856 0.5053040172916315
14 0.19427474208563675 0.30811228550605846
15 0.037742675412440675 0.15425029347454447
16 0.0014245095472888538 0.0662096921183706
17 2.029227450317095E-6 0.02602445182729594
18 4.117764045120418E-12 0.00982628563661409
19 1.695598073128647E-23 0.003650584487845777
20 2.8750528255975806E-46 0.0013478865846290218
